Matrix A (from Step 4):
[[ 1.     0.     0.     0.     0.     0.     0.     0.     0.     0.
   0.     0.     0.     0.     0.     0.     0.     0.     0.     0.
   0.     0.     0.     0.     0.   ]
 [-0.5    1.186 -0.4    0.     0.     0.    -0.286  0.     0.     0.
   0.     0.     0.     0.     0.     0.     0.     0.     0.     0.
   0.     0.     0.     0.     0.   ]
 [ 0.    -0.4    0.983 -0.333  0.     0.     0.    -0.25   0.     0.
   0.     0.     0.     0.     0.     0.     0.     0.     0.     0.
   0.     0.     0.     0.     0.   ]
 [ 0.     0.    -0.333  1.067 -0.4    0.     0.     0.    -0.333  0.
   0.     0.     0.     0.     0.     0.     0.     0.     0.     0.
   0.     0.     0.     0.     0.   ]
 [ 0.     0.     0.    -0.4    0.686  0.     0.     0.     0.    -0.286
   0.     0.     0.     0.     0.     0.     0.     0.     0.     0.
   0.     0.     0.     0.     0.   ]
 [-0.333  0.     0.     0.     0.     1.083 -0.25   0.     0.     0.
  -0.5    0.     0.     0.     0.     0.     0.     0.     0.     0.
   0.     0.     0.     0.     0.   ]
 [ 0.    -0.286  0.     0.     0.    -0.25   1.221 -0.4    0.     0.
   0.    -0.286  0.     0.     0.     0.     0.     0.     0.     0.
   0.     0.     0.     0.     0.   ]
 [ 0.     0.    -0.25   0.     0.     0.    -0.4    1.233 -0.333  0.
   0.     0.    -0.25   0.     0.     0.     0.     0.     0.     0.
   0.     0.     0.     0.     0.   ]
 [ 0.     0.     0.    -0.333  0.     0.     0.    -0.333  1.4   -0.4
   0.     0.     0.    -0.333  0.     0.     0.     0.     0.     0.
   0.     0.     0.     0.     0.   ]
 [ 0.     0.     0.     0.    -0.286  0.     0.     0.    -0.4    0.971
   0.     0.     0.     0.    -0.286  0.     0.     0.     0.     0.
   0.     0.     0.     0.     0.   ]
 [ 0.     0.     0.     0.     0.    -0.5    0.     0.     0.     0.
   1.25  -0.25   0.     0.     0.    -0.5    0.     0.     0.     0.
   0.     0.     0.     0.     0.   ]
 [ 0.     0.     0.     0.     0.     0.    -0.286  0.     0.     0.
  -0.25   1.221 -0.4    0.     0.     0.    -0.286  0.     0.     0.
   0.     0.     0.     0.     0.   ]
 [ 0.     0.     0.     0.     0.     0.     0.    -0.25   0.     0.
   0.    -0.4    1.233 -0.333  0.     0.     0.    -0.25   0.     0.
   0.     0.     0.     0.     0.   ]
 [ 0.     0.     0.     0.     0.     0.     0.     0.    -0.333  0.
   0.     0.    -0.333  1.4   -0.4    0.     0.     0.    -0.333  0.
   0.     0.     0.     0.     0.   ]
 [ 0.     0.     0.     0.     0.     0.     0.     0.     0.    -0.286
   0.     0.     0.    -0.4    0.971  0.     0.     0.     0.    -0.286
   0.     0.     0.     0.     0.   ]
 [ 0.     0.     0.     0.     0.     0.     0.     0.     0.     0.
  -0.5    0.     0.     0.     0.     1.25  -0.25   0.     0.     0.
  -0.5    0.     0.     0.     0.   ]
 [ 0.     0.     0.     0.     0.     0.     0.     0.     0.     0.
   0.    -0.286  0.     0.     0.    -0.25   1.221 -0.4    0.     0.
   0.    -0.286  0.     0.     0.   ]
 [ 0.     0.     0.     0.     0.     0.     0.     0.     0.     0.
   0.     0.    -0.25   0.     0.     0.    -0.4    1.233 -0.333  0.
   0.     0.    -0.25   0.     0.   ]
 [ 0.     0.     0.     0.     0.     0.     0.     0.     0.     0.
   0.     0.     0.    -0.333  0.     0.     0.    -0.333  1.4   -0.4
   0.     0.     0.    -0.333  0.   ]
 [ 0.     0.     0.     0.     0.     0.     0.     0.     0.     0.
   0.     0.     0.     0.    -0.286  0.     0.     0.    -0.4    0.971
   0.     0.     0.     0.    -0.286]
 [ 0.     0.     0.     0.     0.     0.     0.     0.     0.     0.
   0.     0.     0.     0.     0.    -0.5    0.     0.     0.     0.
   0.75  -0.25   0.     0.     0.   ]
 [ 0.     0.     0.     0.     0.     0.     0.     0.     0.     0.
   0.     0.     0.     0.     0.     0.    -0.286  0.     0.     0.
  -0.25   0.936 -0.4    0.     0.   ]
 [ 0.     0.     0.     0.     0.     0.     0.     0.     0.     0.
   0.     0.     0.     0.     0.     0.     0.    -0.25   0.     0.
   0.    -0.4    0.936 -0.286  0.   ]
 [ 0.     0.     0.     0.     0.     0.     0.     0.     0.     0.
   0.     0.     0.     0.     0.     0.     0.     0.    -0.333  0.
   0.     0.    -0.286  0.952 -0.333]
 [ 0.     0.     0.     0.     0.     0.     0.     0.     0.     0.
   0.     0.     0.     0.     0.     0.     0.     0.     0.     0.
   0.     0.     0.     0.     1.   ]]

Matrix L (from Step 5):
[[ 1.     0.     0.     0.     0.     0.     0.     0.     0.     0.
   0.     0.     0.     0.     0.     0.     0.     0.     0.     0.
   0.     0.     0.     0.     0.   ]
 [-0.5    1.     0.     0.     0.     0.     0.     0.     0.     0.
   0.     0.     0.     0.     0.     0.     0.     0.     0.     0.
   0.     0.     0.     0.     0.   ]
 [ 0.    -0.337  1.     0.     0.     0.     0.     0.     0.     0.
   0.     0.     0.     0.     0.     0.     0.     0.     0.     0.
   0.     0.     0.     0.     0.   ]
 [ 0.     0.    -0.393  1.     0.     0.     0.     0.     0.     0.
   0.     0.     0.     0.     0.     0.     0.     0.     0.     0.
   0.     0.     0.     0.     0.   ]
 [ 0.     0.     0.    -0.427  1.     0.     0.     0.     0.     0.
   0.     0.     0.     0.     0.     0.     0.     0.     0.     0.
   0.     0.     0.     0.     0.   ]
 [-0.333  0.     0.     0.     0.     1.     0.     0.     0.     0.
   0.     0.     0.     0.     0.     0.     0.     0.     0.     0.
   0.     0.     0.     0.     0.   ]
 [ 0.    -0.241 -0.114 -0.04  -0.031 -0.231  1.     0.     0.     0.
   0.     0.     0.     0.     0.     0.     0.     0.     0.     0.
   0.     0.     0.     0.     0.   ]
 [ 0.     0.    -0.295 -0.105 -0.082  0.    -0.401  1.     0.     0.
   0.     0.     0.     0.     0.     0.     0.     0.     0.     0.
   0.     0.     0.     0.     0.   ]
 [ 0.     0.     0.    -0.356 -0.277  0.    -0.017 -0.398  1.     0.
   0.     0.     0.     0.     0.     0.     0.     0.     0.     0.
   0.     0.     0.     0.     0.   ]
 [ 0.     0.     0.     0.    -0.555  0.    -0.008 -0.028 -0.451  1.
   0.     0.     0.     0.     0.     0.     0.     0.     0.     0.
   0.     0.     0.     0.     0.   ]
 [ 0.     0.     0.     0.     0.    -0.462 -0.107 -0.048 -0.019 -0.019
   1.     0.     0.     0.     0.     0.     0.     0.     0.     0.
   0.     0.     0.     0.     0.   ]
 [ 0.     0.     0.     0.     0.     0.    -0.264 -0.118 -0.046 -0.048
  -0.286  1.     0.     0.     0.     0.     0.     0.     0.     0.
   0.     0.     0.     0.     0.   ]
 [ 0.     0.     0.     0.     0.     0.     0.    -0.257 -0.092 -0.088
  -0.015 -0.421  1.     0.     0.     0.     0.     0.     0.     0.
   0.     0.     0.     0.     0.   ]
 [ 0.     0.     0.     0.     0.     0.     0.     0.    -0.307 -0.254
  -0.009 -0.024 -0.4    1.     0.     0.     0.     0.     0.     0.
   0.     0.     0.     0.     0.   ]
 [ 0.     0.     0.     0.     0.     0.     0.     0.     0.    -0.483
  -0.005 -0.015 -0.033 -0.44   1.     0.     0.     0.     0.     0.
   0.     0.     0.     0.     0.   ]
 [ 0.     0.     0.     0.     0.     0.     0.     0.     0.     0.
  -0.498 -0.137 -0.07  -0.032 -0.036  1.     0.     0.     0.     0.
   0.     0.     0.     0.     0.   ]
 [ 0.     0.     0.     0.     0.     0.     0.     0.     0.     0.
   0.    -0.273 -0.124 -0.05  -0.052 -0.308  1.     0.     0.     0.
   0.     0.     0.     0.     0.   ]
 [ 0.     0.     0.     0.     0.     0.     0.     0.     0.     0.
   0.     0.    -0.258 -0.091 -0.084 -0.023 -0.432  1.     0.     0.
   0.     0.     0.     0.     0.   ]
 [ 0.     0.     0.     0.     0.     0.     0.     0.     0.     0.
   0.     0.     0.    -0.302 -0.237 -0.016 -0.028 -0.404  1.     0.
   0.     0.     0.     0.     0.   ]
 [ 0.     0.     0.     0.     0.     0.     0.     0.     0.     0.
   0.     0.     0.     0.    -0.462 -0.011 -0.018 -0.033 -0.435  1.
   0.     0.     0.     0.     0.   ]
 [ 0.     0.     0.     0.     0.     0.     0.     0.     0.     0.
   0.     0.     0.     0.     0.    -0.513 -0.149 -0.081 -0.04  -0.047
   1.     0.     0.     0.     0.   ]
 [ 0.     0.     0.     0.     0.     0.     0.     0.     0.     0.
   0.     0.     0.     0.     0.     0.    -0.277 -0.128 -0.052 -0.055
  -0.665  1.     0.     0.     0.   ]
 [ 0.     0.     0.     0.     0.     0.     0.     0.     0.     0.
   0.     0.     0.     0.     0.     0.     0.    -0.26  -0.091 -0.083
  -0.058 -0.725  1.     0.     0.   ]
 [ 0.     0.     0.     0.     0.     0.     0.     0.     0.     0.
   0.     0.     0.     0.     0.     0.     0.     0.    -0.301 -0.231
  -0.044 -0.061 -0.683  1.     0.   ]
 [ 0.     0.     0.     0.     0.     0.     0.     0.     0.     0.
   0.     0.     0.     0.     0.     0.     0.     0.     0.     0.
   0.     0.     0.     0.     1.   ]]

Matrix U (from Step 5):
[[ 1.     0.     0.     0.     0.     0.     0.     0.     0.     0.
   0.     0.     0.     0.     0.     0.     0.     0.     0.     0.
   0.     0.     0.     0.     0.   ]
 [ 0.     1.186 -0.4    0.     0.     0.    -0.286  0.     0.     0.
   0.     0.     0.     0.     0.     0.     0.     0.     0.     0.
   0.     0.     0.     0.     0.   ]
 [ 0.     0.     0.848 -0.333  0.     0.    -0.096 -0.25   0.     0.
   0.     0.     0.     0.     0.     0.     0.     0.     0.     0.
   0.     0.     0.     0.     0.   ]
 [ 0.     0.     0.     0.936 -0.4    0.    -0.038 -0.098 -0.333  0.
   0.     0.     0.     0.     0.     0.     0.     0.     0.     0.
   0.     0.     0.     0.     0.   ]
 [ 0.     0.     0.     0.     0.515  0.    -0.016 -0.042 -0.142 -0.286
   0.     0.     0.     0.     0.     0.     0.     0.     0.     0.
   0.     0.     0.     0.     0.   ]
 [ 0.     0.     0.     0.     0.     1.083 -0.25   0.     0.     0.
  -0.5    0.     0.     0.     0.     0.     0.     0.     0.     0.
   0.     0.     0.     0.     0.   ]
 [ 0.     0.     0.     0.     0.     0.     1.082 -0.434 -0.018 -0.009
  -0.115 -0.286  0.     0.     0.     0.     0.     0.     0.     0.
   0.     0.     0.     0.     0.   ]
 [ 0.     0.     0.     0.     0.     0.     0.     0.972 -0.387 -0.027
  -0.046 -0.115 -0.25   0.     0.     0.     0.     0.     0.     0.
   0.     0.     0.     0.     0.   ]
 [ 0.     0.     0.     0.     0.     0.     0.     0.     1.087 -0.49
  -0.02  -0.05  -0.1   -0.333  0.     0.     0.     0.     0.     0.
   0.     0.     0.     0.     0.   ]
 [ 0.     0.     0.     0.     0.     0.     0.     0.     0.     0.591
  -0.011 -0.028 -0.052 -0.15  -0.286  0.     0.     0.     0.     0.
   0.     0.     0.     0.     0.   ]
 [ 0.     0.     0.     0.     0.     0.     0.     0.    -0.     0.
   1.004 -0.287 -0.015 -0.009 -0.006 -0.5    0.     0.     0.     0.
   0.     0.     0.     0.     0.   ]
 [ 0.     0.     0.     0.     0.     0.     0.     0.     0.     0.
   0.     1.047 -0.441 -0.025 -0.015 -0.143 -0.286  0.     0.     0.
   0.     0.     0.     0.     0.   ]
 [ 0.     0.     0.     0.     0.     0.     0.     0.     0.     0.
   0.     0.     0.97  -0.388 -0.032 -0.068 -0.12  -0.25   0.     0.
   0.     0.     0.     0.     0.   ]
 [ 0.     0.     0.     0.     0.     0.     0.     0.     0.     0.
   0.     0.     0.     1.104 -0.486 -0.035 -0.055 -0.1   -0.333  0.
   0.     0.     0.     0.     0.   ]
 [ 0.     0.     0.     0.     0.     0.     0.     0.     0.     0.
   0.     0.     0.     0.     0.618 -0.022 -0.032 -0.052 -0.147 -0.286
   0.     0.     0.     0.     0.   ]
 [ 0.     0.     0.     0.     0.     0.     0.     0.     0.     0.
   0.     0.     0.     0.     0.     0.975 -0.3   -0.023 -0.016 -0.01
  -0.5    0.     0.     0.     0.   ]
 [ 0.     0.     0.     0.     0.     0.     0.     0.     0.     0.
   0.     0.     0.     0.     0.     0.     1.032 -0.446 -0.029 -0.018
  -0.154 -0.286  0.     0.     0.   ]
 [ 0.     0.     0.     0.     0.     0.     0.     0.     0.     0.
   0.     0.     0.     0.     0.     0.     0.     0.962 -0.389 -0.032
  -0.078 -0.123 -0.25   0.     0.   ]
 [ 0.     0.     0.     0.     0.     0.     0.     0.     0.     0.
   0.     0.     0.     0.     0.     0.     0.     0.     1.106 -0.481
  -0.044 -0.058 -0.101 -0.333  0.   ]
 [ 0.     0.     0.     0.     0.     0.     0.     0.     0.     0.
   0.     0.     0.     0.     0.     0.     0.     0.     0.     0.628
  -0.03  -0.034 -0.052 -0.145 -0.286]
 [ 0.     0.     0.     0.     0.     0.     0.     0.     0.     0.
   0.     0.     0.     0.     0.    -0.     0.     0.     0.     0.
   0.461 -0.307 -0.027 -0.02  -0.014]
 [ 0.     0.     0.     0.     0.     0.     0.     0.     0.     0.
   0.     0.     0.     0.     0.     0.     0.     0.     0.     0.
   0.     0.632 -0.458 -0.039 -0.025]
 [ 0.     0.     0.     0.     0.     0.     0.     0.     0.     0.
   0.     0.     0.     0.     0.     0.     0.    -0.     0.     0.
   0.     0.     0.524 -0.358 -0.042]
 [ 0.     0.     0.     0.     0.     0.     0.     0.     0.     0.
   0.     0.     0.     0.     0.     0.     0.     0.     0.     0.
   0.     0.     0.     0.571 -0.43 ]
 [ 0.     0.     0.     0.     0.     0.     0.     0.     0.     0.
   0.     0.     0.     0.     0.     0.     0.     0.     0.     0.
   0.     0.     0.     0.     1.   ]]

The voltage at Node 1 is 10.0
The voltage at Node 2 is 8.273271738535206
The voltage at Node 3 is 7.0255608916407
The voltage at Node 4 is 6.076669388777026
The voltage at Node 5 is 5.721763841159996
The voltage at Node 6 is 7.787833987474957
The voltage at Node 7 is 6.998292466624123
The voltage at Node 8 is 6.2944122070943935
The voltage at Node 9 is 5.553664543053787
The voltage at Node 10 is 5.224896074496154
The voltage at Node 11 is 6.707827406217012
The voltage at Node 12 is 6.01789672731018
The voltage at Node 13 is 5.424718659354659
The voltage at Node 14 is 4.6844341955591
The voltage at Node 15 is 4.267752451851627
The voltage at Node 16 is 5.972786164412481
The voltage at Node 17 is 5.264260939090495
The voltage at Node 18 is 4.592986154613505
The voltage at Node 19 is 3.574937476717818
The voltage at Node 20 is 2.727254388016639
The voltage at Node 21 is 5.592007535268942
The voltage at Node 22 is 4.830450276981863
The voltage at Node 23 is 4.044612231903416
The voltage at Node 24 is 2.464611786422261
The voltage at Node 25 is 0.0

The current from Node 1 to 2 is 0.8633641307323972
The current from Node 1 to 6 is 0.737388670841681
The current from Node 2 to 3 is 0.4990843387578021
The current from Node 2 to 7 is 0.36427979197459515
The current from Node 3 to 4 is 0.31629716762122495
The current from Node 3 to 8 is 0.18278717113657672
The current from Node 4 to 5 is 0.1419622190468118
The current from Node 4 to 9 is 0.17433494857441278
The current from Node 5 to 10 is 0.14196221904681192
The current from Node 6 to 7 is 0.19738538021270857
The current from Node 6 to 11 is 0.5400032906289725
The current from Node 7 to 8 is 0.28155210381189166
The current from Node 7 to 12 is 0.28011306837541206
The current from Node 8 to 9 is 0.24691588801353545
The current from Node 8 to 13 is 0.21742338693493357
The current from Node 9 to 10 is 0.13150738742305315
The current from Node 9 to 14 is 0.28974344916489575
The current from Node 10 to 15 is 0.27346960646986496
The current from Node 11 to 12 is 0.1724826697267079
The current from Node 11 to 16 is 0.36752062090226545
The current from Node 12 to 13 is 0.23727122718220847
The current from Node 12 to 17 is 0.21532451091991003
The current from Node 13 to 14 is 0.24676148793185307
The current from Node 13 to 18 is 0.20793312618528859
The current from Node 14 to 15 is 0.1666726974829892
The current from Node 14 to 19 is 0.3698322396137607
The current from Node 15 to 20 is 0.4401423039528537
The current from Node 16 to 17 is 0.17713130633049645
The current from Node 16 to 21 is 0.19038931457176966
The current from Node 17 to 18 is 0.26850991379079614
The current from Node 17 to 22 is 0.1239459034596092
The current from Node 18 to 19 is 0.3393495592985623
The current from Node 18 to 23 is 0.13709348067752214
The current from Node 19 to 20 is 0.3390732354804715
The current from Node 19 to 24 is 0.3701085634318522
The current from Node 20 to 25 is 0.7792155394333254
The current from Node 21 to 22 is 0.19038931457176966
The current from Node 22 to 23 is 0.3143352180313787
The current from Node 23 to 24 is 0.45142869870890145
The current from Node 24 to 25 is 0.8215372621407537